17,24
17,23
17,22
17,19
17,17
17,16
17,15
17,7
17,6
17,5
17,4
17,3
17,1
16,18
16,17
16,16
16,15
16,14
16,13
16,12
16,10
16,8
16,7
16,5
16,4
16,3
16,1
15,65
15,64
15,7
15,5
15,4
15,3
15,1
13,5
13,3
13,1
11,4
11,3
11,1
10,5
10,4
10,3
10,1
9,5
9,4
9,3
9,1
2,5
2,4
2,3
2,1
1,3
1,1
0,452
0,409
0,9
0,0
20,34
20,33
20,32
20,31
20,30
20,29
20,28
20,27
20,26
20,25
20,24
20,23
20,22
20,21
20,20
20,19
20,18
20,17
20,16
20,15
20,14
20,13
20,12
20,11
20,10
20,9
20,8
20,7
20,6
20,5
20,4
20,3
20,2
20,0
0,308
0,307
0,304
0,303
0,12
0,10
0,8
0,508
0,352
0,300
0,562
0,451
0,299
0,527
0,454
0,298
0,557
0,381
0,297
0,526
0,537
0,296
0,544
0,449
0,295
0,507
0,386
0,294
0,532
0,368
